datetime,temperature,humidity,solar_direct,solar_diffuse,pressure,wind_speed
2013-07-01 00:00:00,87.0800,0.2400,0.0000,0.0000,927.0000,6.2648
2013-07-01 00:05:00,86.8941,0.2407,0.0005,0.0000,926.8639,6.2852
2013-07-01 00:10:00,86.7106,0.2419,0.0008,0.0000,926.5814,6.3050
2013-07-01 00:15:00,86.5296,0.2436,0.0010,0.0000,926.1525,6.3241
2013-07-01 00:20:00,86.3509,0.2459,0.0012,0.0000,925.5773,6.3426
2013-07-01 00:25:00,86.1746,0.2487,0.0012,0.0000,924.8557,6.3604
2013-07-01 00:30:00,86.0008,0.2520,0.0010,0.0000,923.9878,6.3776
2013-07-01 00:35:00,85.8269,0.2554,0.0009,0.0000,923.0927,6.3947
2013-07-01 00:40:00,85.6505,0.2587,0.0007,0.0000,922.2898,6.4123
2013-07-01 00:45:00,85.4716,0.2618,0.0005,0.0000,921.5791,6.4306
2013-07-01 00:50:00,85.2902,0.2647,0.0003,0.0000,920.9606,6.4493
2013-07-01 00:55:00,85.1064,0.2675,0.0002,0.0000,920.4342,6.4686
2013-07-01 01:00:00,84.9200,0.2700,0.0000,0.0000,920.0000,6.4885
2013-07-01 01:05:00,84.7312,0.2723,0.0000,0.0000,919.6580,6.5089
2013-07-01 01:10:00,84.5398,0.2745,0.0000,0.0002,919.4081,6.5299
2013-07-01 01:15:00,84.3460,0.2765,0.0000,0.0002,919.2504,6.5514
2013-07-01 01:20:00,84.1497,0.2783,0.0000,0.0003,919.1849,6.5735
2013-07-01 01:25:00,83.9509,0.2799,0.0000,0.0004,919.2116,6.5961
2013-07-01 01:30:00,83.7496,0.2813,0.0000,0.0004,919.3304,6.6193
2013-07-01 01:35:00,83.5483,0.2826,0.0000,0.0004,919.4865,6.6414
2013-07-01 01:40:00,83.3496,0.2840,0.0000,0.0004,919.6247,6.6609
2013-07-01 01:45:00,83.1534,0.2854,0.0000,0.0004,919.7452,6.6777
2013-07-01 01:50:00,82.9597,0.2869,0.0000,0.0003,919.8479,6.6919
2013-07-01 01:55:00,82.7686,0.2884,0.0000,0.0002,919.9328,6.7034
2013-07-01 02:00:00,82.5800,0.2900,0.0000,0.0000,920.0000,6.7122
2013-07-01 02:05:00,82.3939,0.2916,0.0005,0.0000,920.0494,6.7185
2013-07-01 02:10:00,82.2104,0.2933,0.0012,0.0000,920.0810,6.7220
2013-07-01 02:15:00,82.0294,0.2950,0.0020,0.0000,920.0948,6.7229
2013-07-01 02:20:00,81.8510,0.2968,0.0028,0.0000,920.0908,6.7212
2013-07-01 02:25:00,81.6751,0.2986,0.0038,0.0000,920.0691,6.7168
2013-07-01 02:30:00,81.5017,0.3004,0.0049,0.0000,920.0296,6.7097
2013-07-01 02:35:00,81.3283,0.3022,0.0057,0.0000,919.9884,6.7028
2013-07-01 02:40:00,81.1521,0.3040,0.0059,0.0000,919.9618,6.6989
2013-07-01 02:45:00,80.9731,0.3056,0.0054,0.0000,919.9496,6.6978
2013-07-01 02:50:00,80.7915,0.3072,0.0042,0.0000,919.9519,6.6997
2013-07-01 02:55:00,80.6071,0.3086,0.0024,0.0000,919.9687,6.7045
2013-07-01 03:00:00,80.4200,0.3100,0.0000,0.0000,920.0000,6.7122
2013-07-01 03:05:00,80.2302,0.3113,0.0000,0.0012,920.0458,6.7229
2013-07-01 03:10:00,80.0376,0.3125,0.0000,0.0026,920.1061,6.7365
2013-07-01 03:15:00,79.8423,0.3136,0.0000,0.0042,920.1808,6.7531
2013-07-01 03:20:00,79.6443,0.3146,0.0000,0.0061,920.2701,6.7725
2013-07-01 03:25:00,79.4436,0.3155,0.0000,0.0083,920.3738,6.7949
2013-07-01 03:30:00,79.2401,0.3163,0.0000,0.0107,920.4920,6.8202
2013-07-01 03:35:00,79.0372,0.3170,0.0000,0.0125,920.6107,6.8458
2013-07-01 03:40:00,78.8381,0.3177,0.0000,0.0128,920.7158,6.8688
2013-07-01 03:45:00,78.6428,0.3184,0.0000,0.0118,920.8072,6.8893
2013-07-01 03:50:00,78.4514,0.3190,0.0000,0.0093,920.8851,6.9074
2013-07-01 03:55:00,78.2638,0.3195,0.0000,0.0054,920.9494,6.9229
2013-07-01 04:00:00,78.0800,0.3200,0.0000,0.0000,921.0000,6.9360
2013-07-01 04:05:00,77.9000,0.3204,0.0181,0.0000,921.0370,6.9465
2013-07-01 04:10:00,77.7239,0.3208,0.0399,0.0000,921.0605,6.9546
2013-07-01 04:15:00,77.5516,0.3212,0.0656,0.0000,921.0703,6.9601
2013-07-01 04:20:00,77.3831,0.3214,0.0951,0.0000,921.0665,6.9632
2013-07-01 04:25:00,77.2185,0.3217,0.1284,0.0000,921.0492,6.9637
2013-07-01 04:30:00,77.0577,0.3219,0.1656,0.0000,921.0182,6.9618
2013-07-01 04:35:00,76.8936,0.3222,0.1935,0.0000,920.9862,6.9274
2013-07-01 04:40:00,76.7194,0.3230,0.1992,0.0000,920.9658,6.8304
2013-07-01 04:45:00,76.5349,0.3241,0.1827,0.0000,920.9570,6.6709
2013-07-01 04:50:00,76.3402,0.3257,0.1440,0.0000,920.9597,6.4489
2013-07-01 04:55:00,76.1352,0.3276,0.0831,0.0000,920.9741,6.1643
2013-07-01 05:00:00,75.9200,0.3300,0.0000,0.0000,921.0000,5.8173
2013-07-01 05:05:00,75.6946,0.3328,0.0000,0.0395,921.0375,5.4077
2013-07-01 05:10:00,75.4589,0.3359,0.0000,0.0874,921.0866,4.9356
2013-07-01 05:15:00,75.2130,0.3395,0.0000,0.1436,921.1473,4.4010
2013-07-01 05:20:00,74.9569,0.3435,0.0000,0.2082,921.2196,3.8038
2013-07-01 05:25:00,74.6905,0.3478,0.0000,0.2811,921.3035,3.1442
2013-07-01 05:30:00,74.4139,0.3526,0.0000,0.3623,921.3989,2.4220
2013-07-01 05:35:00,74.1660,0.3572,0.0000,0.4596,921.5000,1.7268
2013-07-01 05:40:00,73.9856,0.3611,0.0000,0.5804,921.6007,1.1483
2013-07-01 05:45:00,73.8728,0.3644,0.0000,0.7250,921.7010,0.6863
2013-07-01 05:50:00,73.8277,0.3670,0.6471,0.8932,921.8010,0.3410
2013-07-01 05:55:00,73.8500,0.3688,1.8382,1.0851,921.9007,0.1122
2013-07-01 06:00:00,73.9400,0.3700,3.3445,1.3006,922.0000,0.0000
2013-07-01 06:05:00,74.0975,0.3705,5.1661,1.5398,922.0989,0.0044
2013-07-01 06:10:00,74.3227,0.3703,7.3028,1.8027,922.1975,0.1254
2013-07-01 06:15:00,74.6154,0.3694,9.7548,2.0892,922.2958,0.3630
2013-07-01 06:20:00,74.9756,0.3678,12.5221,2.3994,922.3937,0.7172
2013-07-01 06:25:00,75.4035,0.3656,15.6045,2.7333,922.4912,1.1880
2013-07-01 06:30:00,75.8989,0.3626,19.0022,3.0908,922.5884,1.7754
2013-07-01 06:35:00,76.4255,0.3592,22.4719,3.4521,922.6807,2.3946
2013-07-01 06:40:00,76.9469,0.3557,25.7706,3.7973,922.7635,2.9611
2013-07-01 06:45:00,77.4630,0.3520,28.8981,4.1263,922.8368,3.4747
2013-07-01 06:50:00,77.9739,0.3482,31.8546,4.4393,922.9007,3.9355
2013-07-01 06:55:00,78.4796,0.3442,34.6399,4.7361,922.9551,4.3434
2013-07-01 07:00:00,78.9800,0.3400,37.2541,5.0168,923.0000,4.6986
2013-07-01 07:05:00,79.4752,0.3357,39.6972,5.2813,923.0355,5.0009
2013-07-01 07:10:00,79.9651,0.3312,41.9693,5.5298,923.0614,5.2504
2013-07-01 07:15:00,80.4499,0.3266,44.0702,5.7621,923.0780,5.4470
2013-07-01 07:20:00,80.9293,0.3218,46.0000,5.9783,923.0850,5.5909
2013-07-01 07:25:00,81.4036,0.3169,47.7587,6.1784,923.0826,5.6819
2013-07-01 07:30:00,81.8726,0.3118,49.3463,6.3624,923.0707,5.7201
2013-07-01 07:35:00,82.3459,0.3066,50.7628,6.5671,923.0549,5.7326
2013-07-01 07:40:00,82.8330,0.3013,52.0080,6.8294,923.0407,5.7466
2013-07-01 07:45:00,83.3340,0.2961,53.0821,7.1492,923.0281,5.7621
2013-07-01 07:50:00,83.8488,0.2907,53.9850,7.5266,923.0171,5.7790
2013-07-01 07:55:00,84.3775,0.2854,54.7168,7.9616,923.0077,5.7974
2013-07-01 08:00:00,84.9200,0.2800,55.2773,8.4542,923.0000,5.8173
2013-07-01 08:05:00,85.4763,0.2746,55.6667,9.0043,922.9939,5.8386
2013-07-01 08:10:00,86.0465,0.2691,55.8849,9.6120,922.9894,5.8614
2013-07-01 08:15:00,86.6305,0.2636,55.9319,10.2772,922.9865,5.8857
2013-07-01 08:20:00,87.2284,0.2581,55.8077,11.0001,922.9852,5.9115
2013-07-01 08:25:00,87.8401,0.2525,55.5123,11.7805,922.9856,5.9387
2013-07-01 08:30:00,88.4656,0.2469,55.0457,12.6184,922.9875,5.9674
2013-07-01 08:35:00,89.0641,0.2414,54.5379,13.4780,922.9902,5.9878
2013-07-01 08:40:00,89.5949,0.2364,54.1185,14.3230,922.9926,5.9900
2013-07-01 08:45:00,90.0578,0.2317,53.7877,15.1536,922.9948,5.9740
2013-07-01 08:50:00,90.4530,0.2274,53.5454,15.9698,922.9968,5.9399
2013-07-01 08:55:00,90.7804,0.2235,53.3916,16.7715,922.9985,5.8877
2013-07-01 09:00:00,91.0400,0.2200,53.3263,17.5587,923.0000,5.8173
2013-07-01 09:05:00,91.2318,0.2169,53.3496,18.3314,923.0013,5.7287
2013-07-01 09:10:00,91.3558,0.2142,53.4614,19.0897,923.0023,5.6220
2013-07-01 09:15:00,91.4120,0.2118,53.6617,19.8336,923.0031,5.4972
2013-07-01 09:20:00,91.4005,0.2099,53.9506,20.5630,923.0037,5.3542
2013-07-01 09:25:00,91.3211,0.2083,54.3279,21.2779,923.0041,5.1930
2013-07-01 09:30:00,91.1740,0.2071,54.7938,21.9784,923.0042,5.0137
2013-07-01 09:35:00,91.0194,0.2061,55.0853,22.6862,923.0041,4.8479
2013-07-01 09:40:00,90.9177,0.2050,54.9394,23.4232,923.0038,4.7275
2013-07-01 09:45:00,90.8689,0.2039,54.3561,24.1894,923.0032,4.6523
2013-07-01 09:50:00,90.8730,0.2026,53.3354,24.9848,923.0024,4.6224
2013-07-01 09:55:00,90.9301,0.2014,51.8773,25.8094,923.0013,4.6379
2013-07-01 10:00:00,91.0400,0.2000,49.9818,26.6632,923.0000,4.6986
2013-07-01 10:05:00,91.2028,0.1986,47.6490,27.5461,922.9985,4.8046
2013-07-01 10:10:00,91.4186,0.1971,44.8788,28.4583,922.9967,4.9559
2013-07-01 10:15:00,91.6872,0.1955,41.6712,29.3996,922.9946,5.1524
2013-07-01 10:20:00,92.0088,0.1939,38.0262,30.3701,922.9924,5.3943
2013-07-01 10:25:00,92.3832,0.1922,33.9438,31.3698,922.9898,5.6815
2013-07-01 10:30:00,92.8106,0.1905,29.4240,32.3987,922.9871,6.0139
2013-07-01 10:35:00,93.2496,0.1887,25.1741,33.3361,922.9851,6.3354
2013-07-01 10:40:00,93.6590,0.1869,21.9013,34.0611,922.9847,6.5898
2013-07-01 10:45:00,94.0387,0.1852,19.6055,34.5739,922.9860,6.7771
2013-07-01 10:50:00,94.3888,0.1834,18.2868,34.8745,922.9890,6.8972
2013-07-01 10:55:00,94.7092,0.1817,17.9452,34.9627,922.9937,6.9502
2013-07-01 11:00:00,95.0000,0.1800,18.5806,34.8386,923.0000,6.9360
2013-07-01 11:05:00,95.2612,0.1783,20.1931,34.5023,923.0080,6.8547
2013-07-01 11:10:00,95.4927,0.1766,22.7827,33.9537,923.0177,6.7062
2013-07-01 11:15:00,95.6946,0.1749,26.3494,33.1928,923.0291,6.4906
2013-07-01 11:20:00,95.8668,0.1733,30.8931,32.2197,923.0421,6.2079
2013-07-01 11:25:00,96.0094,0.1717,36.4139,31.0342,923.0568,5.8580
2013-07-01 11:30:00,96.1224,0.1700,42.9118,29.6365,923.0732,5.4410
2013-07-01 11:35:00,96.2280,0.1684,49.5005,28.2078,923.0855,5.0449
2013-07-01 11:40:00,96.3486,0.1667,55.2939,26.9294,923.0881,4.7578
2013-07-01 11:45:00,96.4840,0.1651,60.2918,25.8013,923.0808,4.5795
2013-07-01 11:50:00,96.6344,0.1634,64.4944,24.8234,923.0637,4.5103
2013-07-01 11:55:00,96.7997,0.1617,67.9016,23.9959,923.0367,4.5499
2013-07-01 12:00:00,96.9800,0.1600,70.5134,23.3187,923.0000,4.6986
2013-07-01 12:05:00,97.1752,0.1583,72.3298,22.7917,922.9535,4.9561
2013-07-01 12:10:00,97.3853,0.1565,73.3509,22.4151,922.8971,5.3227
2013-07-01 12:15:00,97.6103,0.1548,73.5765,22.1887,922.8309,5.7981
2013-07-01 12:20:00,97.8503,0.1530,73.0068,22.1127,922.7550,6.3825
2013-07-01 12:25:00,98.1052,0.1512,71.6417,22.1869,922.6692,7.0759
2013-07-01 12:30:00,98.3750,0.1494,69.4812,22.4114,922.5736,7.8782
2013-07-01 12:35:00,98.6523,0.1476,67.0606,22.6812,922.4739,8.6965
2013-07-01 12:40:00,98.9297,0.1459,64.9153,22.8911,922.3758,9.4379
2013-07-01 12:45:00,99.2072,0.1443,63.0452,23.0413,922.2794,10.1024
2013-07-01 12:50:00,99.4847,0.1428,61.4503,23.1316,922.1847,10.6900
2013-07-01 12:55:00,99.7623,0.1413,60.1307,23.1621,922.0915,11.2007
2013-07-01 13:00:00,100.0400,0.1400,59.0863,23.1329,922.0000,11.6346
2013-07-01 13:05:00,100.3177,0.1387,58.3172,23.0438,921.9101,11.9915
2013-07-01 13:10:00,100.5956,0.1376,57.8233,22.8948,921.8219,12.2715
2013-07-01 13:15:00,100.8734,0.1365,57.6046,22.6861,921.7353,12.4746
2013-07-01 13:20:00,101.1514,0.1355,57.6612,22.4176,921.6503,12.6008
2013-07-01 13:25:00,101.4294,0.1345,57.9930,22.0892,921.5670,12.6501
2013-07-01 13:30:00,101.7075,0.1337,58.6000,21.7011,921.4853,12.6225
2013-07-01 13:35:00,101.9729,0.1329,59.3631,21.2763,921.4044,12.5400
2013-07-01 13:40:00,102.2130,0.1322,60.1630,20.8382,921.3235,12.4246
2013-07-01 13:45:00,102.4278,0.1316,60.9998,20.3867,921.2427,12.2764
2013-07-01 13:50:00,102.6172,0.1310,61.8735,19.9219,921.1618,12.0953
2013-07-01 13:55:00,102.7813,0.1305,62.7841,19.4438,921.0809,11.8814
2013-07-01 14:00:00,102.9200,0.1300,63.7315,18.9522,921.0000,11.6346
2013-07-01 14:05:00,103.0334,0.1296,64.7158,18.4473,920.9191,11.3549
2013-07-01 14:10:00,103.1214,0.1292,65.7369,17.9291,920.8382,11.0423
2013-07-01 14:15:00,103.1841,0.1289,66.7949,17.3975,920.7573,10.6969
2013-07-01 14:20:00,103.2214,0.1287,67.8898,16.8525,920.6764,10.3187
2013-07-01 14:25:00,103.2334,0.1285,69.0216,16.2942,920.5955,9.9075
2013-07-01 14:30:00,103.2200,0.1284,70.1902,15.7225,920.5146,9.4636
2013-07-01 14:35:00,103.1900,0.1283,71.3019,15.1677,920.4329,9.0407
2013-07-01 14:40:00,103.1520,0.1284,72.2630,14.6599,920.3496,8.6931
2013-07-01 14:45:00,103.1060,0.1286,73.0735,14.1992,920.2646,8.4207
2013-07-01 14:50:00,103.0520,0.1290,73.7333,13.7855,920.1780,8.2235
2013-07-01 14:55:00,102.9900,0.1294,74.2426,13.4189,920.0898,8.1015
2013-07-01 15:00:00,102.9200,0.1300,74.6011,13.0993,920.0000,8.0547
2013-07-01 15:05:00,102.8420,0.1307,74.8091,12.8268,919.9085,8.0831
2013-07-01 15:10:00,102.7561,0.1315,74.8664,12.6014,919.8155,8.1867
2013-07-01 15:15:00,102.6621,0.1325,74.7731,12.4230,919.7207,8.3655
2013-07-01 15:20:00,102.5602,0.1336,74.5292,12.2916,919.6244,8.6195
2013-07-01 15:25:00,102.4503,0.1347,74.1347,12.2073,919.5264,8.9488
2013-07-01 15:30:00,102.3323,0.1361,73.5895,12.1701,919.4269,9.3532
2013-07-01 15:35:00,102.2221,0.1373,72.9973,12.1509,919.3313,9.7849
2013-07-01 15:40:00,102.1351,0.1383,72.4617,12.1208,919.2456,10.1961
2013-07-01 15:45:00,102.0714,0.1391,71.9826,12.0799,919.1695,10.5866
2013-07-01 15:50:00,102.0310,0.1397,71.5602,12.0280,919.1033,10.9565
2013-07-01 15:55:00,102.0138,0.1399,71.1943,11.9652,919.0468,11.3058
2013-07-01 16:00:00,102.0200,0.1400,70.8850,11.8916,919.0000,11.6346
2013-07-01 16:05:00,102.0494,0.1398,70.6323,11.8070,918.9630,11.9427
2013-07-01 16:10:00,102.1022,0.1394,70.4362,11.7116,918.9357,12.2302
2013-07-01 16:15:00,102.1782,0.1387,70.2966,11.6052,918.9182,12.4971
2013-07-01 16:20:00,102.2775,0.1378,70.2137,11.4880,918.9105,12.7434
2013-07-01 16:25:00,102.4000,0.1366,70.1873,11.3599,918.9125,12.9691
2013-07-01 16:30:00,102.5459,0.1352,70.2175,11.2208,918.9243,13.1742
2013-07-01 16:35:00,102.6876,0.1338,70.2384,11.0726,918.9402,13.3559
2013-07-01 16:40:00,102.7975,0.1326,70.1839,10.9169,918.9548,13.5115
2013-07-01 16:45:00,102.8757,0.1316,70.0541,10.7537,918.9681,13.6409
2013-07-01 16:50:00,102.9222,0.1309,69.8490,10.5831,918.9801,13.7441
2013-07-01 16:55:00,102.9369,0.1303,69.5685,10.4049,918.9907,13.8211
2013-07-01 17:00:00,102.9200,0.1300,69.2128,10.2193,919.0000,13.8720
2013-07-01 17:05:00,102.8713,0.1299,68.7817,10.0263,919.0079,13.8967
2013-07-01 17:10:00,102.7909,0.1300,68.2753,9.8257,919.0146,13.8952
2013-07-01 17:15:00,102.6788,0.1303,67.6936,9.6177,919.0198,13.8675
2013-07-01 17:20:00,102.5350,0.1308,67.0365,9.4022,919.0238,13.8137
2013-07-01 17:25:00,102.3595,0.1316,66.3042,9.1792,919.0264,13.7337
2013-07-01 17:30:00,102.1522,0.1326,65.4965,8.9487,919.0276,13.6275
2013-07-01 17:35:00,101.9326,0.1337,64.5856,8.7166,919.0274,13.5349
2013-07-01 17:40:00,101.7200,0.1348,63.5436,8.4886,919.0254,13.4957
2013-07-01 17:45:00,101.5145,0.1360,62.3705,8.2648,919.0216,13.5097
2013-07-01 17:50:00,101.3160,0.1373,61.0662,8.0451,919.0161,13.5772
2013-07-01 17:55:00,101.1245,0.1386,59.6309,7.8295,919.0089,13.6979
2013-07-01 18:00:00,100.9400,0.1400,58.0644,7.6180,919.0000,13.8720
2013-07-01 18:05:00,100.7626,0.1414,56.3668,7.4108,918.9893,14.0994
2013-07-01 18:10:00,100.5921,0.1429,54.5381,7.2076,918.9769,14.3801
2013-07-01 18:15:00,100.4288,0.1445,52.5783,7.0086,918.9628,14.7142
2013-07-01 18:20:00,100.2724,0.1461,50.4873,6.8137,918.9469,15.1016
2013-07-01 18:25:00,100.1231,0.1477,48.2653,6.6229,918.9293,15.5423
2013-07-01 18:30:00,99.9808,0.1494,45.9121,6.4363,918.9100,16.0364
2013-07-01 18:35:00,99.8367,0.1512,43.4779,6.2431,918.8956,16.5034
2013-07-01 18:40:00,99.6823,0.1529,41.0128,6.0326,918.8930,16.8631
2013-07-01 18:45:00,99.5174,0.1547,38.5169,5.8046,918.9022,17.1154
2013-07-01 18:50:00,99.3420,0.1564,35.9901,5.5594,918.9230,17.2604
2013-07-01 18:55:00,99.1562,0.1582,33.4324,5.2967,918.9557,17.2979
2013-07-01 19:00:00,98.9600,0.1600,30.8438,5.0168,919.0000,17.2281
2013-07-01 19:05:00,98.7533,0.1618,28.2244,4.7194,919.0561,17.0509
2013-07-01 19:10:00,98.5362,0.1636,25.5740,4.4048,919.1239,16.7663
2013-07-01 19:15:00,98.3086,0.1654,22.8928,4.0727,919.2035,16.3744
2013-07-01 19:20:00,98.0706,0.1672,20.1807,3.7233,919.2948,15.8751
2013-07-01 19:25:00,97.8221,0.1690,17.4377,3.3566,919.3978,15.2684
2013-07-01 19:30:00,97.5632,0.1708,14.6639,2.9725,919.5126,14.5544
2013-07-01 19:35:00,97.3019,0.1726,11.9992,2.5936,919.6266,13.8335
2013-07-01 19:40:00,97.0462,0.1743,9.5839,2.2424,919.7276,13.2063
2013-07-01 19:45:00,96.7962,0.1759,7.4178,1.9189,919.8154,12.6728
2013-07-01 19:50:00,96.5518,0.1773,5.5011,1.6232,919.8901,12.2330
2013-07-01 19:55:00,96.3131,0.1787,3.8336,1.3551,919.9516,11.8869
2013-07-01 20:00:00,96.0800,0.1800,2.4155,1.1148,920.0000,11.6346
2013-07-01 20:05:00,95.8525,0.1812,1.2466,0.9022,920.0353,11.4759
2013-07-01 20:10:00,95.6307,0.1823,0.3271,0.7174,920.0574,11.4109
2013-07-01 20:15:00,95.4146,0.1832,0.0000,0.5602,920.0664,11.4396
2013-07-01 20:20:00,95.2040,0.1841,0.0000,0.4308,920.0623,11.5621
2013-07-01 20:25:00,94.9991,0.1849,0.0000,0.3291,920.0450,11.7782
2013-07-01 20:30:00,94.7999,0.1855,0.0000,0.2551,920.0147,12.0881
2013-07-01 20:35:00,94.6118,0.1862,0.0000,0.1979,919.9835,12.4038
2013-07-01 20:40:00,94.4402,0.1869,0.0000,0.1466,919.9638,12.6376
2013-07-01 20:45:00,94.2853,0.1876,0.0000,0.1011,919.9556,12.7894
2013-07-01 20:50:00,94.1469,0.1884,0.0000,0.0616,919.9589,12.8593
2013-07-01 20:55:00,94.0252,0.1892,0.0000,0.0278,919.9737,12.8473
2013-07-01 21:00:00,93.9200,0.1900,0.0000,0.0000,920.0000,12.7533
2013-07-01 21:05:00,93.8314,0.1909,0.0739,0.0000,920.0378,12.5773
2013-07-01 21:10:00,93.7595,0.1918,0.1281,0.0000,920.0872,12.3194
2013-07-01 21:15:00,93.7041,0.1928,0.1625,0.0000,920.1480,11.9796
2013-07-01 21:20:00,93.6653,0.1938,0.1772,0.0000,920.2203,11.5579
2013-07-01 21:25:00,93.6431,0.1948,0.1721,0.0000,920.3042,11.0541
2013-07-01 21:30:00,93.6375,0.1959,0.1472,0.0000,920.3995,10.4685
2013-07-01 21:35:00,93.6226,0.1969,0.1142,0.0000,920.5004,9.9103
2013-07-01 21:40:00,93.5725,0.1978,0.0846,0.0000,920.6010,9.4891
2013-07-01 21:45:00,93.4871,0.1986,0.0584,0.0000,920.7013,9.2048
2013-07-01 21:50:00,93.3666,0.1992,0.0355,0.0000,920.8012,9.0574
2013-07-01 21:55:00,93.2109,0.1997,0.0161,0.0000,920.9008,9.0469
2013-07-01 22:00:00,93.0200,0.2000,0.0000,0.0000,921.0000,9.1734
2013-07-01 22:05:00,92.7939,0.2002,0.0000,0.0038,921.0989,9.4368
2013-07-01 22:10:00,92.5326,0.2003,0.0000,0.0065,921.1975,9.8371
2013-07-01 22:15:00,92.2360,0.2002,0.0000,0.0083,921.2957,10.3744
2013-07-01 22:20:00,91.9043,0.1999,0.0000,0.0090,921.3936,11.0485
2013-07-01 22:25:00,91.5374,0.1996,0.0000,0.0088,921.4911,11.8596
2013-07-01 22:30:00,91.1353,0.1991,0.0000,0.0075,921.5883,12.8076
2013-07-01 22:35:00,90.7279,0.1989,0.0000,0.0058,921.6806,13.7154
2013-07-01 22:40:00,90.3451,0.1995,0.0000,0.0043,921.7634,14.4055
2013-07-01 22:45:00,89.9869,0.2010,0.0000,0.0030,921.8368,14.8781
2013-07-01 22:50:00,89.6533,0.2032,0.0000,0.0018,921.9007,15.1332
2013-07-01 22:55:00,89.3443,0.2062,0.0000,0.0008,921.9551,15.1707
2013-07-01 23:00:00,89.0600,0.2100,0.0000,0.0000,922.0000,14.9907
2013-07-01 23:05:00,88.8003,0.2146,0.0022,0.0000,922.0355,14.5931
2013-07-01 23:10:00,88.5652,0.2200,0.0038,0.0000,922.0614,13.9780
2013-07-01 23:15:00,88.3547,0.2262,0.0048,0.0000,922.0780,13.1453
2013-07-01 23:20:00,88.1688,0.2332,0.0052,0.0000,922.0850,12.0950
2013-07-01 23:25:00,88.0075,0.2410,0.0051,0.0000,922.0826,10.8273
2013-07-01 23:30:00,87.8709,0.2496,0.0044,0.0000,922.0706,9.3419
2013-07-01 23:35:00,87.7453,0.2579,0.0034,0.0000,922.0548,7.8472
2013-07-01 23:40:00,87.6172,0.2650,0.0026,0.0000,922.0406,6.5514
2013-07-01 23:45:00,87.4867,0.2707,0.0018,0.0000,922.0280,5.4543
2013-07-01 23:50:00,87.3536,0.2751,0.0011,0.0000,922.0171,4.5561
2013-07-01 23:55:00,87.2181,0.2782,0.0005,0.0000,922.0077,3.8567
2013-07-02 00:00:00,87.0800,0.2800,0.0000,0.0000,922.0000,3.3561
2013-07-02 00:05:00,86.9395,0.2805,0.0000,0.0001,921.9939,3.0544
2013-07-02 00:10:00,86.7964,0.2797,0.0000,0.0002,921.9894,2.9514
2013-07-02 00:15:00,86.6509,0.2776,0.0000,0.0002,921.9866,3.0473
2013-07-02 00:20:00,86.5029,0.2741,0.0000,0.0002,921.9854,3.3420
2013-07-02 00:25:00,86.3523,0.2694,0.0000,0.0002,921.9858,3.8356
2013-07-02 00:30:00,86.1993,0.2634,0.0000,0.0001,921.9878,4.5279
2013-07-02 00:35:00,86.0352,0.2574,0.0000,0.0000,921.9905,5.2546
2013-07-02 00:40:00,85.8515,0.2529,0.0000,0.0000,921.9929,5.8512
2013-07-02 00:45:00,85.6481,0.2500,0.0000,0.0000,921.9951,6.3176
2013-07-02 00:50:00,85.4251,0.2485,0.0000,0.0000,921.9970,6.6539
2013-07-02 00:55:00,85.1824,0.2485,0.0000,0.0000,921.9986,6.8600
2013-07-02 01:00:00,84.9200,0.2500,0.0000,0.0000,922.0000,6.9360
2013-07-02 01:05:00,84.6380,0.2530,0.0003,0.0000,922.0011,6.8818
2013-07-02 01:10:00,84.3363,0.2575,0.0006,0.0000,922.0019,6.6975
2013-07-02 01:15:00,84.0150,0.2634,0.0009,0.0002,922.0025,6.3831
2013-07-02 01:20:00,83.6740,0.2709,0.0012,0.0002,922.0028,5.9385
2013-07-02 01:25:00,83.3134,0.2799,0.0016,0.0003,922.0028,5.3637
2013-07-02 01:30:00,82.9331,0.2903,0.0020,0.0005,922.0025,4.6589
2013-07-02 01:35:00,82.5532,0.3010,0.0023,0.0005,922.0021,3.9500
2013-07-02 01:40:00,82.1937,0.3107,0.0023,0.0006,922.0017,3.3632
2013-07-02 01:45:00,81.8547,0.3195,0.0021,0.0005,922.0013,2.8986
2013-07-02 01:50:00,81.5360,0.3273,0.0017,0.0004,922.0009,2.5561
2013-07-02 01:55:00,81.2378,0.3341,0.0010,0.0002,922.0005,2.3357
2013-07-02 02:00:00,80.9600,0.3400,0.0000,0.0000,922.0000,2.2374
2013-07-02 02:05:00,80.7026,0.3449,0.0000,0.0000,921.9995,2.2613
2013-07-02 02:10:00,80.4656,0.3488,0.0000,0.0000,921.9991,2.4073
2013-07-02 02:15:00,80.2491,0.3518,0.0000,0.0000,921.9986,2.6754
2013-07-02 02:20:00,80.0529,0.3538,0.0000,0.0000,921.9981,3.0656
2013-07-02 02:25:00,79.8772,0.3548,0.0000,0.0000,921.9976,3.5780
2013-07-02 02:30:00,79.7219,0.3549,0.0000,0.0000,921.9970,4.2125
2013-07-02 02:35:00,79.5804,0.3544,0.0000,0.0000,921.9967,4.8678
2013-07-02 02:40:00,79.4460,0.3538,0.0000,0.0000,921.9967,5.4425
2013-07-02 02:45:00,79.3188,0.3530,0.0000,0.0000,921.9970,5.9367
2013-07-02 02:50:00,79.1987,0.3522,0.0000,0.0000,921.9977,6.3504
2013-07-02 02:55:00,79.0858,0.3511,0.0000,0.0000,921.9987,6.6834
2013-07-02 03:00:00,78.9800,0.3500,0.0000,0.0000,922.0000,6.9360
2013-07-02 03:05:00,78.8814,0.3487,0.0070,0.0018,922.0017,7.1080
2013-07-02 03:10:00,78.7899,0.3473,0.0155,0.0041,922.0037,7.1994
2013-07-02 03:15:00,78.7055,0.3458,0.0254,0.0067,922.0061,7.2103
2013-07-02 03:20:00,78.6283,0.3441,0.0369,0.0096,922.0088,7.1406
2013-07-02 03:25:00,78.5583,0.3423,0.0498,0.0130,922.0118,6.9904
2013-07-02 03:30:00,78.4953,0.3404,0.0641,0.0168,922.0152,6.7597
2013-07-02 03:35:00,78.4344,0.3387,0.0749,0.0196,922.0178,6.5076
2013-07-02 03:40:00,78.3701,0.3377,0.0772,0.0202,922.0183,6.2936
2013-07-02 03:45:00,78.3025,0.3373,0.0708,0.0185,922.0167,6.1175
2013-07-02 03:50:00,78.2316,0.3375,0.0558,0.0146,922.0132,5.9795
2013-07-02 03:55:00,78.1575,0.3384,0.0322,0.0084,922.0076,5.8794
2013-07-02 04:00:00,78.0800,0.3400,0.0000,0.0000,922.0000,5.8173
2013-07-02 04:05:00,77.9992,0.3422,0.0000,0.0000,921.9904,5.7932
2013-07-02 04:10:00,77.9152,0.3450,0.0000,0.0000,921.9787,5.8071
2013-07-02 04:15:00,77.8278,0.3485,0.0000,0.0000,921.9650,5.8589
2013-07-02 04:20:00,77.7372,0.3527,0.0000,0.0000,921.9492,5.9488
2013-07-02 04:25:00,77.6433,0.3574,0.0000,0.0000,921.9315,6.0767
2013-07-02 04:30:00,77.5460,0.3629,0.0000,0.0000,921.9117,6.2425
2013-07-02 04:35:00,77.4485,0.3684,0.0000,0.0000,921.8968,6.4158
2013-07-02 04:40:00,77.3535,0.3735,0.0000,0.0000,921.8937,6.5660
2013-07-02 04:45:00,77.2612,0.3783,0.0000,0.0000,921.9025,6.6931
2013-07-02 04:50:00,77.1715,0.3826,0.0000,0.0000,921.9232,6.7972
2013-07-02 04:55:00,77.0844,0.3865,0.0000,0.0000,921.9557,6.8781
2013-07-02 05:00:00,77.0000,0.3900,0.0000,0.0000,922.0000,6.9360
2013-07-02 05:05:00,76.9182,0.3931,0.2377,0.0623,922.0562,6.9708
2013-07-02 05:10:00,76.8390,0.3958,0.5256,0.1377,922.1242,6.9825
2013-07-02 05:15:00,76.7624,0.3981,0.8636,0.2262,922.2041,6.9711
2013-07-02 05:20:00,76.6885,0.4000,1.2517,0.3278,922.2958,6.9366
2013-07-02 05:25:00,76.6172,0.4014,1.6900,0.4426,922.3993,6.8790
2013-07-02 05:30:00,76.5485,0.4025,2.1783,0.5706,922.5147,6.7984
2013-07-02 05:35:00,76.5049,0.4029,2.8347,0.7081,922.6293,6.7253
2013-07-02 05:40:00,76.5088,0.4023,3.7770,0.8516,922.7304,6.6907
2013-07-02 05:45:00,76.5603,0.4007,5.0052,1.0012,922.8180,6.6945
2013-07-02 05:50:00,76.6593,0.3981,6.5193,1.1569,922.8922,6.7366
2013-07-02 05:55:00,76.8059,0.3945,8.3193,1.3187,922.9528,6.8171
2013-07-02 06:00:00,77.0000,0.3900,10.4051,1.4864,923.0000,6.9360
2013-07-02 06:05:00,77.2417,0.3845,12.7769,1.6603,923.0337,7.0933
2013-07-02 06:10:00,77.5309,0.3780,15.4346,1.8402,923.0539,7.2889
2013-07-02 06:15:00,77.8676,0.3705,18.3781,2.0262,923.0607,7.5229
2013-07-02 06:20:00,78.2519,0.3620,21.6076,2.2182,923.0540,7.7953
2013-07-02 06:25:00,78.6837,0.3526,25.1230,2.4162,923.0337,8.1061
2013-07-02 06:30:00,79.1631,0.3422,28.9242,2.6204,923.0001,8.4553
2013-07-02 06:35:00,79.6623,0.3316,32.7754,2.8209,922.9664,8.7822
2013-07-02 06:40:00,80.1537,0.3218,36.4403,3.0080,922.9462,9.0262
2013-07-02 06:45:00,80.6371,0.3127,39.9191,3.1818,922.9394,9.1873
2013-07-02 06:50:00,81.1126,0.3044,43.2118,3.3423,922.9461,9.2656
2013-07-02 06:55:00,81.5803,0.2968,46.3183,3.4894,922.9663,9.2609
2013-07-02 07:00:00,82.0400,0.2900,49.2386,3.6232,923.0000,9.1734
2013-07-02 07:05:00,82.4919,0.2839,51.9728,3.7437,923.0471,9.0030
2013-07-02 07:10:00,82.9358,0.2786,54.5208,3.8508,923.1078,8.7497
2013-07-02 07:15:00,83.3719,0.2740,56.8827,3.9446,923.1818,8.4135
2013-07-02 07:20:00,83.8001,0.2701,59.0584,4.0250,923.2694,7.9944
2013-07-02 07:25:00,84.2204,0.2670,61.0479,4.0921,923.3704,7.4924
2013-07-02 07:30:00,84.6328,0.2646,62.8513,4.1459,923.4849,6.9076
2013-07-02 07:35:00,85.0411,0.2625,64.4920,4.1990,923.6003,6.3243
2013-07-02 07:40:00,85.4493,0.2603,65.9934,4.2641,923.7038,5.8271
2013-07-02 07:45:00,85.8573,0.2579,67.3555,4.3413,923.7955,5.4159
2013-07-02 07:50:00,86.2650,0.2554,68.5784,4.4306,923.8755,5.0907
2013-07-02 07:55:00,86.6726,0.2528,69.6620,4.5318,923.9436,4.8516
2013-07-02 08:00:00,87.0800,0.2500,70.6063,4.6452,924.0000,4.6986
2013-07-02 08:05:00,87.4872,0.2471,71.4114,4.7705,924.0446,4.6316
2013-07-02 08:10:00,87.8942,0.2440,72.0772,4.9079,924.0773,4.6506
2013-07-02 08:15:00,88.3010,0.2408,72.6037,5.0574,924.0983,4.7557
2013-07-02 08:20:00,88.7076,0.2374,72.9909,5.2189,924.1074,4.9468
2013-07-02 08:25:00,89.1140,0.2340,73.2389,5.3924,924.1048,5.2240
2013-07-02 08:30:00,89.5202,0.2303,73.3476,5.5780,924.0904,5.5872
2013-07-02 08:35:00,89.9259,0.2267,73.4099,5.7607,924.0709,5.9632
2013-07-02 08:40:00,90.3306,0.2231,73.5184,5.9259,924.0533,6.2787
2013-07-02 08:45:00,90.7344,0.2197,73.6732,6.0734,924.0373,6.5338
2013-07-02 08:50:00,91.1372,0.2163,73.8743,6.2033,924.0231,6.7283
2013-07-02 08:55:00,91.5391,0.2131,74.1217,6.3156,924.0107,6.8624
2013-07-02 09:00:00,91.9400,0.2100,74.4153,6.4103,924.0000,6.9360
2013-07-02 09:05:00,92.3400,0.2070,74.7553,6.4874,923.9911,6.9491
2013-07-02 09:10:00,92.7391,0.2041,75.1415,6.5468,923.9839,6.9017
2013-07-02 09:15:00,93.1372,0.2013,75.5741,6.5886,923.9785,6.7938
2013-07-02 09:20:00,93.5343,0.1986,76.0529,6.6128,923.9748,6.6255
2013-07-02 09:25:00,93.9306,0.1960,76.5780,6.6193,923.9729,6.3967
2013-07-02 09:30:00,94.3259,0.1935,77.1494,6.6083,923.9727,6.1074
2013-07-02 09:35:00,94.7036,0.1911,77.7082,6.5991,923.9741,5.8330
2013-07-02 09:40:00,95.0472,0.1888,78.1957,6.6114,923.9767,5.6491
2013-07-02 09:45:00,95.3566,0.1865,78.6119,6.6451,923.9806,5.5555
2013-07-02 09:50:00,95.6319,0.1843,78.9566,6.7002,923.9858,5.5524
2013-07-02 09:55:00,95.8730,0.1821,79.2301,6.7768,923.9923,5.6396
2013-07-02 10:00:00,96.0800,0.1800,79.4321,6.8748,924.0000,5.8173
2013-07-02 10:05:00,96.2528,0.1780,79.5628,6.9943,924.0090,6.0853
2013-07-02 10:10:00,96.3915,0.1760,79.6221,7.1351,924.0193,6.4438
2013-07-02 10:15:00,96.4960,0.1741,79.6101,7.2974,924.0309,6.8927
2013-07-02 10:20:00,96.5663,0.1722,79.5267,7.4812,924.0438,7.4319
2013-07-02 10:25:00,96.6025,0.1704,79.3719,7.6864,924.0579,8.0616
2013-07-02 10:30:00,96.6046,0.1687,79.1458,7.9130,924.0733,8.7816
2013-07-02 10:35:00,96.6025,0.1670,78.8917,8.1516,924.0847,9.4986
2013-07-02 10:40:00,96.6263,0.1654,78.6530,8.3928,924.0866,10.1190
2013-07-02 10:45:00,96.6759,0.1639,78.4298,8.6365,924.0791,10.6428
2013-07-02 10:50:00,96.7514,0.1625,78.2220,8.8828,924.0621,11.0700
2013-07-02 10:55:00,96.8528,0.1612,78.0297,9.1317,924.0358,11.4006
2013-07-02 11:00:00,96.9800,0.1600,77.8527,9.3832,924.0000,11.6346
2013-07-02 11:05:00,97.1331,0.1589,77.6913,9.6372,923.9548,11.7720
2013-07-02 11:10:00,97.3121,0.1578,77.5452,9.8939,923.9002,11.8128
2013-07-02 11:15:00,97.5169,0.1569,77.4146,10.1530,923.8361,11.7570
2013-07-02 11:20:00,97.7476,0.1560,77.2994,10.4148,923.7626,11.6046
2013-07-02 11:25:00,98.0041,0.1552,77.1997,10.6791,923.6797,11.3556
2013-07-02 11:30:00,98.2866,0.1545,77.1154,10.9460,923.5874,11.0101
2013-07-02 11:35:00,98.5814,0.1538,77.0540,11.2061,923.4902,10.6308
2013-07-02 11:40:00,98.8752,0.1531,77.0229,11.4500,923.3928,10.2809
2013-07-02 11:45:00,99.1679,0.1524,77.0222,11.6776,923.2950,9.9601
2013-07-02 11:50:00,99.4597,0.1516,77.0519,11.8890,923.1970,9.6686
2013-07-02 11:55:00,99.7504,0.1508,77.1120,12.0842,923.0986,9.4064
2013-07-02 12:00:00,100.0400,0.1500,77.2024,12.2632,923.0000,9.1734
2013-07-02 12:05:00,100.3286,0.1491,77.3232,12.4260,922.9011,8.9697
2013-07-02 12:10:00,100.6162,0.1482,77.4744,12.5725,922.8019,8.7952
2013-07-02 12:15:00,100.9027,0.1473,77.6559,12.7028,922.7024,8.6499
2013-07-02 12:20:00,101.1882,0.1464,77.8678,12.8169,922.6026,8.5339
2013-07-02 12:25:00,101.4727,0.1454,78.1101,12.9148,922.5025,8.4472
2013-07-02 12:30:00,101.7561,0.1443,78.3827,12.9964,922.4022,8.3897
2013-07-02 12:35:00,102.0242,0.1434,78.6233,13.1019,922.3073,8.3447
2013-07-02 12:40:00,102.2626,0.1425,78.7695,13.2711,922.2235,8.2953
2013-07-02 12:45:00,102.4714,0.1417,78.8213,13.5041,922.1509,8.2417
2013-07-02 12:50:00,102.6506,0.1410,78.7787,13.8009,922.0894,8.1837
2013-07-02 12:55:00,102.8001,0.1405,78.6416,14.1614,922.0391,8.1213
2013-07-02 13:00:00,102.9200,0.1400,78.4102,14.5858,922.0000,8.0547
2013-07-02 13:05:00,103.0102,0.1396,78.0843,15.0739,921.9720,7.9837
2013-07-02 13:10:00,103.0709,0.1394,77.6640,15.6258,921.9552,7.9084
2013-07-02 13:15:00,103.1018,0.1392,77.1494,16.2415,921.9495,7.8288
2013-07-02 13:20:00,103.1031,0.1392,76.5403,16.9210,921.9550,7.7449
2013-07-02 13:25:00,103.0748,0.1393,75.8368,17.6642,921.9717,7.6566
2013-07-02 13:30:00,103.0169,0.1394,75.0388,18.4713,921.9995,7.5640
2013-07-02 13:35:00,102.9535,0.1396,74.1831,19.2715,922.0273,7.4987
2013-07-02 13:40:00,102.9091,0.1398,73.3060,19.9942,922.0440,7.4922
2013-07-02 13:45:00,102.8835,0.1399,72.4075,20.6396,922.0497,7.5446
2013-07-02 13:50:00,102.8768,0.1400,71.4878,21.2074,922.0442,7.6558
2013-07-02 13:55:00,102.8890,0.1400,70.5468,21.6979,922.0277,7.8258
2013-07-02 14:00:00,102.9200,0.1400,69.5844,22.1109,922.0000,8.0547
2013-07-02 14:05:00,102.9699,0.1400,68.6007,22.4465,921.9612,8.3424
2013-07-02 14:10:00,103.0387,0.1399,67.5957,22.7047,921.9114,8.6890
2013-07-02 14:15:00,103.1264,0.1397,66.5693,22.8854,921.8504,9.0944
2013-07-02 14:20:00,103.2329,0.1396,65.5217,22.9886,921.7784,9.5586
2013-07-02 14:25:00,103.3583,0.1394,64.4527,23.0145,921.6952,10.0817
2013-07-02 14:30:00,103.5026,0.1391,63.3624,22.9629,921.6010,10.6636
2013-07-02 14:35:00,103.6445,0.1389,62.2772,22.8742,921.5011,11.2622
2013-07-02 14:40:00,103.7629,0.1389,61.2233,22.7891,921.4011,11.8352
2013-07-02 14:45:00,103.8576,0.1389,60.2007,22.7073,921.3010,12.3827
2013-07-02 14:50:00,103.9286,0.1392,59.2095,22.6290,921.2008,12.9047
2013-07-02 14:55:00,103.9761,0.1395,58.2497,22.5540,921.1005,13.4011
2013-07-02 15:00:00,104.0000,0.1400,57.3212,22.4825,921.0000,13.8720
2013-07-02 15:05:00,104.0003,0.1406,56.4240,22.4145,920.8994,14.3173
2013-07-02 15:10:00,103.9769,0.1414,55.5583,22.3498,920.7987,14.7371
2013-07-02 15:15:00,103.9300,0.1423,54.7239,22.2886,920.6979,15.1313
2013-07-02 15:20:00,103.8594,0.1434,53.9208,22.2308,920.5970,15.5000
2013-07-02 15:25:00,103.7652,0.1445,53.1491,22.1764,920.4960,15.8432
2013-07-02 15:30:00,103.6474,0.1459,52.4087,22.1254,920.3948,16.1608
2013-07-02 15:35:00,103.5192,0.1471,51.8639,22.0195,920.2995,16.4135
2013-07-02 15:40:00,103.3938,0.1482,51.6787,21.8001,920.2160,16.5616
2013-07-02 15:45:00,103.2712,0.1490,51.8531,21.4673,920.1443,16.6053
2013-07-02 15:50:00,103.1513,0.1496,52.3871,21.0211,920.0844,16.5444
2013-07-02 15:55:00,103.0343,0.1499,53.2808,20.4614,920.0363,16.3792
2013-07-02 16:00:00,102.9200,0.1500,54.5341,19.7883,920.0000,16.1094
2013-07-02 16:05:00,102.8085,0.1499,56.1470,19.0019,919.9755,15.7351
2013-07-02 16:10:00,102.6998,0.1495,58.1196,18.1019,919.9629,15.2564
2013-07-02 16:15:00,102.5939,0.1489,60.4518,17.0886,919.9620,14.6732
2013-07-02 16:20:00,102.4908,0.1481,63.1436,15.9619,919.9729,13.9856
2013-07-02 16:25:00,102.3904,0.1470,66.1951,14.7217,919.9957,13.1934
2013-07-02 16:30:00,102.2929,0.1457,69.6062,13.3681,920.0302,12.2968
2013-07-02 16:35:00,102.2051,0.1444,72.7683,12.0486,920.0631,11.4193
2013-07-02 16:40:00,102.1343,0.1432,75.0729,10.9107,920.0808,10.6846
2013-07-02 16:45:00,102.0804,0.1421,76.5200,9.9545,920.0834,10.0926
2013-07-02 16:50:00,102.0434,0.1413,77.1095,9.1798,920.0707,9.6435
2013-07-02 16:55:00,102.0232,0.1406,76.8415,8.5868,920.0430,9.3370
2013-07-02 17:00:00,102.0200,0.1400,75.7160,8.1755,920.0000,9.1734
2013-07-02 17:05:00,102.0337,0.1396,73.7329,7.9457,919.9419,9.1525
2013-07-02 17:10:00,102.0642,0.1394,70.8923,7.8976,919.8686,9.2744
2013-07-02 17:15:00,102.1117,0.1393,67.1941,8.0311,919.7802,9.5391
2013-07-02 17:20:00,102.1760,0.1393,62.6384,8.3462,919.6765,9.9465
2013-07-02 17:25:00,102.2573,0.1396,57.2251,8.8430,919.5578,10.4967
2013-07-02 17:30:00,102.3554,0.1400,50.9543,9.5214,919.4238,11.1896
2013-07-02 17:35:00,102.4349,0.1406,44.5753,10.2256,919.2941,11.9011
2013-07-02 17:40:00,102.4603,0.1417,38.8374,10.8000,919.1880,12.5068
2013-07-02 17:45:00,102.4314,0.1432,33.7406,11.2445,919.1056,13.0067
2013-07-02 17:50:00,102.3485,0.1450,29.2849,11.5591,919.0468,13.4009
2013-07-02 17:55:00,102.2113,0.1473,25.4703,11.7438,919.0116,13.6893
2013-07-02 18:00:00,102.0200,0.1500,22.2967,11.7987,919.0000,13.8720
2013-07-02 18:05:00,101.7745,0.1531,19.7643,11.7237,919.0121,13.9489
2013-07-02 18:10:00,101.4749,0.1566,17.8730,11.5188,919.0477,13.9200
2013-07-02 18:15:00,101.1211,0.1605,16.6227,11.1840,919.1071,13.7853
2013-07-02 18:20:00,100.7131,0.1648,16.0136,10.7193,919.1900,13.5449
2013-07-02 18:25:00,100.2510,0.1695,16.0455,10.1248,919.2966,13.1988
2013-07-02 18:30:00,99.7347,0.1746,16.7186,9.4004,919.4268,12.7468
2013-07-02 18:35:00,99.2054,0.1797,17.6086,8.6311,919.5610,12.2580
2013-07-02 18:40:00,98.7041,0.1845,18.2916,7.9021,919.6798,11.8010
2013-07-02 18:45:00,98.2310,0.1889,18.7674,7.2133,919.7831,11.3759
2013-07-02 18:50:00,97.7859,0.1930,19.0361,6.5648,919.8709,10.9828
2013-07-02 18:55:00,97.3689,0.1967,19.0977,5.9565,919.9432,10.6215
2013-07-02 19:00:00,96.9800,0.2000,18.9522,5.3884,920.0000,10.2921
2013-07-02 19:05:00,96.6192,0.2030,18.5996,4.8605,920.0413,9.9946
2013-07-02 19:10:00,96.2864,0.2056,18.0399,4.3729,920.0671,9.7291
2013-07-02 19:15:00,95.9818,0.2079,17.2731,3.9255,920.0775,9.4954
2013-07-02 19:20:00,95.7052,0.2098,16.2992,3.5183,920.0723,9.2936
2013-07-02 19:25:00,95.4567,0.2113,15.1181,3.1513,920.0517,9.1237
2013-07-02 19:30:00,95.2363,0.2125,13.7300,2.8246,920.0155,8.9857
2013-07-02 19:35:00,95.0278,0.2136,12.2810,2.5268,919.9785,8.8582
2013-07-02 19:40:00,94.8149,0.2147,10.9175,2.2465,919.9553,8.7196
2013-07-02 19:45:00,94.5977,0.2159,9.6393,1.9837,919.9458,8.5699
2013-07-02 19:50:00,94.3761,0.2172,8.4466,1.7385,919.9501,8.4092
2013-07-02 19:55:00,94.1502,0.2186,7.3393,1.5108,919.9682,8.2375
2013-07-02 20:00:00,93.9200,0.2200,6.3174,1.3006,920.0000,8.0547
2013-07-02 20:05:00,93.6854,0.2215,5.3809,1.1080,920.0456,7.8609
2013-07-02 20:10:00,93.4465,0.2231,4.5299,0.9329,920.1050,7.6560
2013-07-02 20:15:00,93.2033,0.2248,3.7643,0.7754,920.1781,7.4401
2013-07-02 20:20:00,92.9557,0.2266,3.0841,0.6354,920.2650,7.2131
2013-07-02 20:25:00,92.7038,0.2284,2.4893,0.5129,920.3657,6.9751
2013-07-02 20:30:00,92.4475,0.2303,1.9799,0.4080,920.4802,6.7261
2013-07-02 20:35:00,92.1931,0.2322,1.5360,0.3165,920.5957,6.4887
2013-07-02 20:40:00,91.9466,0.2340,1.1377,0.2344,920.6997,6.2857
2013-07-02 20:45:00,91.7080,0.2357,0.7849,0.1617,920.7921,6.1170
2013-07-02 20:50:00,91.4774,0.2372,0.4777,0.0984,920.8730,5.9827
2013-07-02 20:55:00,91.2547,0.2387,0.2161,0.0445,920.9423,5.8828
2013-07-02 21:00:00,91.0400,0.2400,0.0000,0.0000,921.0000,5.8173
2013-07-02 21:05:00,90.8332,0.2412,0.0000,0.0000,921.0462,5.7861
2013-07-02 21:10:00,90.6344,0.2423,0.0000,0.0000,921.0808,5.7893
2013-07-02 21:15:00,90.4435,0.2433,0.0000,0.0000,921.1038,5.8268
2013-07-02 21:20:00,90.2606,0.2441,0.0000,0.0000,921.1152,5.8988
2013-07-02 21:25:00,90.0856,0.2449,0.0000,0.0000,921.1151,6.0050
2013-07-02 21:30:00,89.9186,0.2455,0.0000,0.0000,921.1035,6.1457
2013-07-02 21:35:00,89.7588,0.2461,0.0000,0.0000,921.0861,6.2992
2013-07-02 21:40:00,89.6058,0.2468,0.0000,0.0000,921.0687,6.4440
2013-07-02 21:45:00,89.4593,0.2475,0.0000,0.0000,921.0514,6.5800
2013-07-02 21:50:00,89.3196,0.2483,0.0000,0.0000,921.0342,6.7074
2013-07-02 21:55:00,89.1865,0.2491,0.0000,0.0000,921.0171,6.8260
2013-07-02 22:00:00,89.0600,0.2500,0.0000,0.0000,921.0000,6.9360
2013-07-02 22:05:00,88.9402,0.2510,0.0293,0.0060,920.9830,7.0372
2013-07-02 22:10:00,88.8270,0.2520,0.0507,0.0104,920.9661,7.1298
2013-07-02 22:15:00,88.7206,0.2531,0.0643,0.0133,920.9492,7.2136
2013-07-02 22:20:00,88.6207,0.2542,0.0701,0.0144,920.9324,7.2887
2013-07-02 22:25:00,88.5275,0.2554,0.0681,0.0140,920.9156,7.3551
2013-07-02 22:30:00,88.4410,0.2567,0.0583,0.0120,920.8990,7.4128
2013-07-02 22:35:00,88.3589,0.2579,0.0452,0.0093,920.8879,7.4751
2013-07-02 22:40:00,88.2788,0.2588,0.0335,0.0069,920.8880,7.5552
2013-07-02 22:45:00,88.2009,0.2595,0.0231,0.0048,920.8993,7.6533
2013-07-02 22:50:00,88.1252,0.2599,0.0141,0.0029,920.9217,7.7692
2013-07-02 22:55:00,88.0515,0.2601,0.0064,0.0013,920.9553,7.9030
2013-07-02 23:00:00,87.9800,0.2600,0.0000,0.0000,921.0000,8.0547
2013-07-02 23:05:00,87.9106,0.2597,0.0000,0.0000,921.0559,8.2243
2013-07-02 23:10:00,87.8433,0.2591,0.0000,0.0000,921.1229,8.4117
2013-07-02 23:15:00,87.7782,0.2583,0.0000,0.0000,921.2011,8.6170
2013-07-02 23:20:00,87.7151,0.2572,0.0000,0.0000,921.2905,8.8402
2013-07-02 23:25:00,87.6542,0.2559,0.0000,0.0000,921.3910,9.0813
2013-07-02 23:30:00,87.5954,0.2544,0.0000,0.0000,921.5026,9.3403
2013-07-02 23:35:00,87.5330,0.2528,0.0000,0.0000,921.6141,9.5589
2013-07-02 23:40:00,87.4612,0.2516,0.0000,0.0000,921.7142,9.6790
2013-07-02 23:45:00,87.3800,0.2507,0.0000,0.0000,921.8028,9.7004
2013-07-02 23:50:00,87.2894,0.2502,0.0000,0.0000,921.8800,9.6233
2013-07-02 23:55:00,87.1894,0.2499,0.0000,0.0000,921.9457,9.4477
2013-07-03 00:00:00,87.0800,0.2500,0.0000,0.0000,922.0000,9.1734
